4
4
5
13
13
18
18
19
19
22
22
24
28
28
29
29
30
36
40
40
43
44
50
55
56
58
59
61
69
71
76
78
81
84
89
90
91
91
92
92
94
99
99
101
102
104
105
105
106
111
113
114
115
117
119
121
121
121
121
124
124
124
125
126
126
129
130
130
132
132
133
136
137
138
139
140
142
143
143
148
150
155
159
163
164
165
167
168
168
171
172
172
172
173
173
176
176
179
180
182
183
184
186
186
186
187
190
190
193
196
200
201
201
202
206
207
209
210
211
213
213
218
218
219
222
226
226
228
229
232
234
234
234
235
240
241
244
250
251
252
256
257
259
260
260
265
265
268
269
270
273
275
280
282
284
284
284
286
288
294
295
295
297
298
299
304
306
307
308
315
317
323
325
326
326
327
328
329
329
336
336
336
340
342
348
350
350
353
354
355
361
365
367
368
369
370
372
376
378
379
379
379
379
382
384
387
390
393
393
399
399
402
404
405
408
409
410
411
412
414
419
421
421
421
422
422
424
425
427
429
431
437
437
437
442
442
442
443
444
446
446
455
458
459
462
462
462
464
466
467
467
468
468
469
471
472
473
475
476
481
481
482
484
486
487
490
492
497
497
499
501
504
505
508
513
517
520
522
524
524
527
536
539
540
542
543
543
544
545
546
549
551
554
556
563
563
564
567
567
567
568
569
570
573
581
583
585
586
588
593
593
596
596
596
596
597
599
602
603
606
611
611
611
612
616
619
621
624
626
627
628
628
641
645
645
649
651
652
656
658
658
659
660
667
670
674
681
683
687
688
690
698
699
700
703
705
705
707
709
713
715
717
720
723
724
727
728
728
729
730
731
732
735
735
736
736
739
739
740
740
742
750
754
755
756
756
762
764
770
772
777
778
781
784
784
790
794
795
795
798
