4
4
5
13
18
18
19
19
22
22
24
30
36
40
44
50
55
61
69
78
84
90
92
99
99
101
104
105
111
113
121
121
124
124
126
126
130
130
132
133
136
138
139
140
142
143
148
155
159
172
172
172
173
173
176
176
179
183
186
190
190
196
200
201
202
206
209
210
211
213
213
222
240
244
250
260
260
265
268
270
282
284
284
288
294
295
298
299
304
306
307
308
317
325
336
340
342
348
350
354
361
367
368
369
376
379
379
379
384
387
390
393
399
402
404
405
409
410
421
421
422
424
425
437
442
442
443
455
458
459
462
464
466
467
468
468
469
471
472
473
481
482
484
487
490
499
504
505
520
522
524
542
543
544
546
554
556
563
563
569
581
585
596
596
597
599
606
611
612
616
626
628
628
645
652
658
659
681
698
699
705
707
713
717
720
727
728
731
736
736
739
740
742
750
755
772
781
784
790
794
