2
3
5
5
7
10
11
12
12
14
14
14
17
17
18
22
23
27
27
28
28
30
31
32
33
33
36
36
40
42
43
47
48
49
49
51
56
57
60
62
65
71
72
73
78
81
81
82
82
83
83
84
85
90
90
91
91
97
98
100
102
103
114
116
118
119
121
123
125
125
127
127
129
132
133
135
137
140
140
143
143
144
146
149
153
157
159
163
163
167
167
170
171
172
173
173
176
179
180
182
186
188
188
190
191
193
193
193
195
196
196
197
198
202
204
205
205
207
225
226
226
227
230
231
234
234
235
236
237
239
239
239
241
247
249
254
257
259
260
261
263
273
274
274
277
278
279
281
282
286
288
289
289
290
290
291
292
292
293
293
299
299
300
308
310
311
313
316
317
317
320
321
324
326
329
332
335
336
339
344
346
346
347
348
352
353
355
356
357
358
358
359
360
361
362
363
363
368
369
370
373
374
375
379
383
388
388
396
396
404
408
417
418
418
425
426
429
429
429
430
430
431
431
436
437
438
440
441
444
446
447
450
450
457
457
458
459
460
472
473
477
483
486
491
492
492
497
498
500
500
503
503
504
504
510
512
514
518
524
524
526
529
530
533
534
538
539
545
546
549
550
551
552
554
554
555
557
559
563
564
566
568
569
569
570
570
574
575
575
577
579
584
587
589
590
594
595
596
604
605
606
606
614
614
615
617
617
618
620
621
621
622
632
633
633
635
636
638
643
647
648
648
649
651
653
653
655
658
659
661
662
662
662
668
670
670
674
680
681
682
683
685
685
685
686
686
688
690
694
698
699
700
704
704
705
709
711
712
712
715
716
718
721
722
725
728
728
729
734
737
738
738
741
742
743
743
747
750
751
755
755
757
758
760
760
767
767
768
771
777
777
778
781
789
789
789
790
790
794
794
