13
28
28
29
29
40
43
56
58
59
71
76
81
89
91
91
92
94
102
105
106
114
115
117
119
121
121
124
125
129
132
137
143
150
163
164
165
167
168
168
171
180
182
184
186
186
187
193
201
207
218
218
219
226
226
228
229
232
234
234
234
235
241
251
252
256
257
259
265
269
273
275
280
284
286
295
297
315
323
326
326
327
328
329
329
336
336
350
353
355
365
370
372
378
379
382
393
399
408
411
412
414
419
421
422
427
429
431
437
437
442
444
446
446
462
462
467
475
476
481
486
492
497
497
501
508
513
517
524
527
536
539
540
543
545
549
551
564
567
567
567
568
570
573
583
586
588
593
593
596
596
602
603
611
611
619
621
624
627
641
645
649
651
656
658
660
667
670
674
683
687
688
690
700
703
705
709
715
723
724
728
729
730
732
735
735
739
740
754
756
756
762
764
770
777
778
784
795
795
798
