5
7
11
12
14
18
22
27
30
31
32
33
36
40
43
49
51
57
62
65
82
83
83
85
91
91
114
118
119
121
123
125
125
127
132
137
140
143
144
157
163
163
167
171
172
173
173
176
179
180
182
190
191
193
193
196
196
198
202
204
205
226
230
231
234
235
239
239
241
254
257
263
273
278
281
282
291
292
293
299
310
311
313
316
317
320
321
324
332
336
346
347
353
359
360
362
363
363
369
370
373
374
379
396
404
417
418
430
430
431
436
440
444
447
450
459
472
477
491
498
503
504
510
524
526
530
539
549
550
551
554
555
559
568
570
574
575
575
577
579
584
595
604
605
606
614
617
617
618
621
621
622
635
636
647
648
653
655
658
661
662
662
662
668
670
670
674
682
683
685
685
686
686
688
690
694
698
699
704
705
711
715
716
718
722
728
734
737
738
742
743
747
750
755
760
777
781
789
789
794
