2
3
5
10
12
14
14
17
17
23
27
28
28
33
36
42
47
48
49
56
60
71
72
73
78
81
81
82
84
90
90
97
98
100
102
103
116
127
129
133
135
140
143
146
149
153
159
167
170
186
188
188
193
195
197
205
207
225
226
227
234
236
237
239
247
249
259
260
261
274
274
277
279
286
288
289
289
290
290
292
293
299
300
308
317
326
329
335
339
344
346
348
352
355
356
357
358
358
361
368
375
383
388
388
396
408
418
425
426
429
429
429
431
437
438
441
446
450
457
457
458
460
473
483
486
492
492
497
500
500
503
504
512
514
518
524
529
533
534
538
545
546
552
554
557
563
564
566
569
569
570
587
589
590
594
596
606
614
615
620
632
633
633
638
643
648
649
651
653
659
680
681
685
700
704
709
712
712
721
725
728
729
738
741
743
751
755
757
758
760
767
767
768
771
777
778
789
790
790
794
