2
3
4
4
5
5
5
7
10
11
12
12
13
13
14
14
14
17
17
18
18
18
19
19
22
22
22
23
24
27
27
28
28
28
28
29
29
30
30
31
32
33
33
36
36
36
40
40
40
42
43
43
44
47
48
49
49
50
51
55
56
56
57
58
59
60
61
62
65
69
71
71
72
73
76
78
78
81
81
81
82
82
83
83
84
84
85
89
90
90
90
91
91
91
91
92
92
94
97
98
99
99
100
101
102
102
103
104
105
105
106
111
113
114
114
115
116
117
118
119
119
121
121
121
121
121
123
124
124
124
125
125
125
126
126
127
127
129
129
130
130
132
132
132
133
133
135
136
137
137
138
139
140
140
140
142
143
143
143
143
144
146
148
149
150
153
155
157
159
159
163
163
163
164
165
167
167
167
168
168
170
171
171
172
172
172
172
173
173
173
173
176
176
176
179
179
180
180
182
182
183
184
186
186
186
186
187
188
188
190
190
190
191
193
193
193
193
195
196
196
196
197
198
200
201
201
202
202
204
205
205
206
207
207
209
210
211
213
213
218
218
219
222
225
226
226
226
226
227
228
229
230
231
232
234
234
234
234
234
235
235
236
237
239
239
239
240
241
241
244
247
249
250
251
252
254
256
257
257
259
259
260
260
260
261
263
265
265
268
269
270
273
273
274
274
275
277
278
279
280
281
282
282
284
284
284
286
286
288
288
289
289
290
290
291
292
292
293
293
294
295
295
297
298
299
299
299
300
304
306
307
308
308
310
311
313
315
316
317
317
317
320
321
323
324
325
326
326
326
327
328
329
329
329
332
335
336
336
336
336
339
340
342
344
346
346
347
348
348
350
350
352
353
353
354
355
355
356
357
358
358
359
360
361
361
362
363
363
365
367
368
368
369
369
370
370
372
373
374
375
376
378
379
379
379
379
379
382
383
384
387
388
388
390
393
393
396
396
399
399
402
404
404
405
408
408
409
410
411
412
414
417
418
418
419
421
421
421
422
422
424
425
425
426
427
429
429
429
429
430
430
431
431
431
436
437
437
437
437
438
440
441
442
442
442
443
444
444
446
446
446
447
450
450
455
457
457
458
458
459
459
460
462
462
462
464
466
467
467
468
468
469
471
472
472
473
473
475
476
477
481
481
482
483
484
486
486
487
490
491
492
492
492
497
497
497
498
499
500
500
501
503
503
504
504
504
505
508
510
512
513
514
517
518
520
522
524
524
524
524
526
527
529
530
533
534
536
538
539
539
540
542
543
543
544
545
545
546
546
549
549
550
551
551
552
554
554
554
555
556
557
559
563
563
563
564
564
566
567
567
567
568
568
569
569
569
570
570
570
573
574
575
575
577
579
581
583
584
585
586
587
588
589
590
593
593
594
595
596
596
596
596
596
597
599
602
603
604
605
606
606
606
611
611
611
612
614
614
615
616
617
617
618
619
620
621
621
621
622
624
626
627
628
628
632
633
633
635
636
638
641
643
645
645
647
648
648
649
649
651
651
652
653
653
655
656
658
658
658
659
659
660
661
662
662
662
667
668
670
670
670
674
674
680
681
681
682
683
683
685
685
685
686
686
687
688
688
690
690
694
698
698
699
699
700
700
703
704
704
705
705
705
707
709
709
711
712
712
713
715
715
716
717
718
720
721
722
723
724
725
727
728
728
728
728
729
729
730
731
732
734
735
735
736
736
737
738
738
739
739
740
740
741
742
742
743
743
747
750
750
751
754
755
755
755
756
756
757
758
760
760
762
764
767
767
768
770
771
772
777
777
777
778
778
781
781
784
784
789
789
789
790
790
790
794
794
794
795
795
798
